0
2
4
6
8
10
1
3
5
7
9
0
2
4
6
8
10
1
3
5
7
9
0
2
4
6
8
10
1
3
5
7
9
0
2
4
6
8
10
1
3
5
7
9
0
2
4
6
8
10
1
3
5
7
9
0
2
4
6
8
10
1
3
5
7
9
0
2
4
6
8
10
0
2
4
6
8
10
0
2
4
6
8
10
1
3
5
7
9
0
2
4
6
8
10
1
3
5
7
9
0
2
4
6
8
10
0
2
4
6
8
10
1
3
5
7
9
0
2
4
6
8
10
0
1
0
1
0
1
0
1
0
1
0
1
0
0
0
1
1
1
0
0
1
0
1
0
1
1
0
0
1
1
0
0
1
0
0
1
0
1
0
1
1
0
1
0
0
1
0
0
1
0
0
0
1
1
0
1
1
0
0
1
0
1
0
1
1
0
0
1
0
0
1
0
0
1
1
0
0
1
1
1
0
0
1
0
1
0
1
10
10
0
1
5
2
6
3
4
7
8
9
10
10
10
2
3
7
6
0
1
0
0
1
0
3
6
9
0
2
4
6
8
1
3
5
7
9
0
2
4
6
8
1
3
5
7
9
0
2
4
6
8
1
3
5
7
9
0
2
4
6
8
1
3
5
7
9
0
2
4
6
8
1
3
5
7
9
0
2
4
6
8
1
3
5
7
9
0
2
4
1
3
0
2
1
0
2
4
1
3
0
2
4
1
3
0
2
4
1
3
0
2
4
1
3
5
0
2
4
1
3
5
0
2
4
1
3
5
0
2
4
1
3
5
0
2
4
1
3
5
0
2
4
1
3
5
0
2
4
1
3
5
